 0.000000 0.331670 0.086065 1.814052 8.076440 15.777381 18.753029
 1.000000 0.594528 0.110314 1.827720 8.737593 22.781891 19.924342
 2.000000 0.837634 0.191393 1.757281 8.262810 3.599630 20.885420
 3.000000 0.406146 0.163036 1.878322 8.344902 4.737134 17.714993
 4.000000 0.412883 0.123642 1.905619 7.921673 4.950938 18.632293
 5.000000 0.434132 0.101397 1.774644 9.003119 11.944696 19.618454
 6.000000 0.458120 0.185596 1.763368 8.630524 13.723880 18.884087
 7.000000 0.648903 0.279035 1.697239 7.656243 11.944748 17.009308
 8.000000 0.672556 0.514234 1.618658 8.120473 12.131001 16.013786
 9.000000 0.501082 0.444438 1.700747 8.253228 12.382471 18.306619
 10.000000 0.425093 0.287628 1.678826 7.848006 6.895560 17.778720
 0.000000 0.828977 0.509874 1.883272 11.862189 35.372808 21.367365
 1.000000 1.549816 0.352458 1.783955 12.157772 28.947339 23.009286
 2.000000 0.975617 0.396462 1.873372 11.124669 31.632611 20.469966
 3.000000 2.299961 0.520993 1.826525 11.361853 29.261885 23.106802
 4.000000 1.977277 0.612181 1.806973 11.528581 25.792902 19.161815
 5.000000 2.261840 0.804317 1.630157 11.083401 25.671050 19.408661
 6.000000 1.717195 1.176463 1.608180 10.346022 24.029420 19.236349
 7.000000 1.519428 1.661793 1.703616 9.977082 24.828751 16.450876
 8.000000 1.688578 1.376492 1.841520 10.588063 23.929846 22.273514
 9.000000 1.291665 1.681416 1.599632 10.278301 24.316254 19.968174
 10.000000 1.953923 0.668157 1.424501 9.594345 23.203482 20.521592
 0.000000 1.604982 1.744082 1.458058 10.067115 13.204700 17.412297
 1.000000 2.060555 0.810599 1.390554 10.472831 13.417417 16.393049
 2.000000 0.976410 0.867097 1.463551 9.811617 8.270457 15.832448
 3.000000 0.855953 0.575938 1.348616 10.317639 19.161180 17.342593
 4.000000 0.644556 1.032745 1.339009 9.327158 26.212307 15.800725
 5.000000 0.826595 1.327508 1.312517 9.919350 14.362927 15.647731
 6.000000 0.778603 0.894258 1.386633 9.201170 3.623106 14.763016
 7.000000 1.092562 1.194699 1.277163 10.488850 2.054993 17.528364
 8.000000 0.833254 1.570979 1.262236 9.824209 0.693475 14.372251
 9.000000 1.349857 1.678620 1.267619 10.661366 0.575700 16.181638
 10.000000 1.476435 1.764803 1.235265 10.417496 2.953547 16.642239
 0.000000 0.535377 0.263634 2.020442 10.632673 14.759387 15.911914
 1.000000 0.714239 0.248537 1.973311 11.307084 20.584636 18.589118
 2.000000 0.646603 0.257996 1.974478 11.206112 25.404805 20.655587
 3.000000 0.792589 0.300537 2.078258 10.950126 24.215971 20.327254
 4.000000 0.640579 0.237899 1.818244 10.930715 19.641258 19.125402
 5.000000 0.722230 0.354249 1.696176 10.598629 11.959403 19.061488
 6.000000 0.553476 0.275902 1.782045 11.095896 12.023509 19.930669
 7.000000 0.903403 0.250565 1.874076 11.521806 11.891132 17.649607
 8.000000 0.872924 0.328506 1.791970 10.659979 11.760874 17.204769
 9.000000 0.921243 0.361331 1.864601 10.948275 0.989758 20.093803
 10.000000 0.640604 0.265755 1.947313 10.518954 0.475364 20.518868
 0.000000 0.606314 0.327696 1.918806 10.104154 20.278215 17.790520
 1.000000 0.639203 0.486964 2.087049 10.130253 3.005242 15.642993
 2.000000 0.845607 0.322095 1.805200 10.568878 0.285420 16.709229
 3.000000 0.636785 0.390915 1.746480 9.787850 19.087442 14.716925
 4.000000 0.604841 0.286137 1.875754 10.517223 7.877220 13.928200
 5.000000 0.839237 0.389379 1.856061 10.499327 10.907646 15.650834
 6.000000 0.634666 0.519103 1.881799 11.974766 0.753129 13.327965
 7.000000 0.632857 0.349529 1.942783 11.237970 17.980256 15.277934
 8.000000 0.608382 0.884969 2.014871 10.160260 17.709690 15.225690
 9.000000 0.539986 0.330812 2.145005 9.502746 22.256662 15.626225
 10.000000 0.624229 0.259116 2.035921 8.984831 26.390310 16.835431
 0.000000 0.864089 0.139481 1.831395 9.299921 10.160340 18.050808
 1.000000 0.974510 0.143321 1.745736 9.114010 20.364282 16.413481
 2.000000 1.079321 0.194201 1.805487 9.333769 16.372911 16.641776
 3.000000 1.191553 0.190341 1.680611 8.815309 15.456170 16.568959
 4.000000 1.488857 0.211869 1.603447 9.132694 15.855114 17.640477
 5.000000 1.529429 0.249891 1.565221 9.159546 15.091315 16.591136
 6.000000 1.778317 0.214350 1.505884 9.413388 13.109278 14.961994
 7.000000 1.264441 0.303808 1.539558 9.637075 14.854558 14.402859
 8.000000 1.620813 0.217675 1.575284 9.145003 16.245756 16.066881
 9.000000 0.599614 0.123504 1.720423 9.138685 15.800921 15.870864
 10.000000 0.614323 0.080855 1.667573 9.056371 19.125008 17.113016
 0.000000 0.562677 4.546394 1.421035 12.132700 8.905284 16.037689
 1.000000 0.588881 4.922338 1.450763 13.472811 5.989574 15.597974
 2.000000 0.690556 3.981745 1.548609 13.109286 6.860818 15.675130
 3.000000 0.579352 3.921345 1.539561 13.135227 7.396243 15.101837
 4.000000 0.861977 4.310863 1.337295 13.265125 6.197225 17.843301
 5.000000 0.730191 3.755710 1.588455 12.988074 7.155999 16.668808
 6.000000 0.871033 4.764149 1.416152 12.506283 5.227190 16.710070
 7.000000 0.750962 2.989431 1.412394 12.226646 9.061005 18.081117
 8.000000 0.709870 2.685555 1.517089 12.109330 7.622934 17.106311
 9.000000 0.616229 2.682487 1.630864 11.963703 8.976454 17.356537
 10.000000 0.558699 2.616056 1.754906 11.395066 8.274377 16.182809
 0.000000 0.938400 0.899276 1.944898 10.028929 11.780580 14.694749
 1.000000 0.975347 0.502220 1.963214 10.360339 5.256396 14.819017
 2.000000 1.026123 0.399945 2.002919 9.718275 18.807880 15.412935
 3.000000 1.059738 0.603156 1.912473 9.604609 18.626471 17.006064
 4.000000 1.045311 0.633511 1.864323 10.374726 18.232374 16.036770
 5.000000 1.018489 0.645132 1.898818 9.401945 22.695999 18.258900
 6.000000 0.938452 0.639677 1.708588 8.883960 22.759265 16.996645
 7.000000 0.830444 0.500929 1.768803 9.834998 20.197784 15.545957
 8.000000 0.975548 1.000049 1.684348 10.357494 11.686747 15.607254
 9.000000 0.800109 0.904966 1.732672 9.297671 12.025718 15.733915
 10.000000 0.936290 0.861038 1.558391 9.031548 7.251888 17.062404
 0.000000 3.320304 0.375088 1.630332 8.941497 37.482704 20.706025
 1.000000 2.434680 0.569993 1.584587 8.382281 42.305626 21.024997
 2.000000 2.715931 0.263458 1.748146 8.597959 24.833178 21.278109
 3.000000 2.259451 0.186246 1.733529 9.492563 19.072273 18.363433
 4.000000 2.538984 0.285974 1.628323 10.173860 30.879285 18.406410
 5.000000 2.755575 0.325764 1.569316 8.959685 35.392582 19.644211
 6.000000 1.989982 0.463815 1.582494 8.750275 36.977636 17.611564
 7.000000 2.241856 0.863538 1.556464 9.301109 32.450079 19.805934
 8.000000 2.592318 0.432558 1.626625 8.735984 18.534482 19.834148
 9.000000 2.359442 0.600676 1.656470 8.865515 17.313204 20.647408
 10.000000 2.297669 0.782046 1.595380 8.770193 18.965648 20.771050
 0.000000 2.527050 0.590756 1.549357 11.943203 37.551541 21.538827
 1.000000 3.077179 0.704970 1.399565 12.862544 25.663717 21.374490
 2.000000 2.478893 0.660503 1.531934 11.961632 20.713619 21.506371
 3.000000 2.870143 0.580316 1.459071 12.149733 13.407186 21.123159
 4.000000 2.304776 0.882222 1.422957 11.748458 19.164754 22.209977
 5.000000 2.828107 0.617673 1.351182 11.470307 25.011601 20.308706
 6.000000 3.113312 0.867842 1.416468 10.970243 28.729179 21.957999
 7.000000 2.466977 1.567080 1.323546 10.926239 37.344058 22.840154
 8.000000 2.752693 1.062834 1.375293 10.913946 34.160114 23.219028
 9.000000 2.942985 1.135223 1.360137 11.313522 40.642842 21.497759
 10.000000 2.682344 1.800293 1.207922 11.055984 30.015844 22.491847
 0.000000 0.663849 0.236053 1.957725 9.480949 20.143679 16.701085
 1.000000 0.799513 0.141483 1.988043 9.303992 19.971884 19.905286
 2.000000 0.673841 0.341277 1.787686 9.790438 18.937595 18.226402
 3.000000 0.831855 0.239161 1.930659 9.205681 19.096753 17.858614
 4.000000 0.773168 0.367035 1.870155 8.713623 17.579693 19.005958
 5.000000 0.764016 0.236555 1.894380 8.858306 15.047071 20.135044
 6.000000 0.956379 0.427121 1.765742 9.073658 10.211515 19.831439
 7.000000 0.948017 0.558225 1.783577 8.712083 13.956565 17.701363
 8.000000 1.062255 0.388891 1.668656 8.739873 1.922451 19.301053
 9.000000 0.964908 0.183712 1.878971 9.249984 3.272230 17.617901
 10.000000 0.885679 0.219466 1.826362 10.003544 1.521175 17.623801
 0.000000 3.288990 0.826415 1.430927 11.326273 7.625285 19.653720
 1.000000 4.164598 0.806406 1.476393 11.801829 8.021527 19.844407
 2.000000 3.108302 0.864500 1.471192 11.314055 20.419891 20.732304
 3.000000 3.514622 1.061518 1.356671 10.840842 17.373486 20.211589
 4.000000 3.668571 0.860403 1.380178 11.319378 18.028245 17.554845
 5.000000 4.570362 0.889216 1.469466 12.440836 12.998049 20.149123
 6.000000 4.128727 0.571374 1.382117 10.264741 6.015503 17.956641
 7.000000 3.363042 0.689781 1.457806 10.162236 9.900103 17.636073
 8.000000 4.130335 1.189597 1.375990 10.821412 6.918396 17.284403
 9.000000 4.307498 1.167007 1.363605 10.960278 7.751387 17.770395
 10.000000 3.887304 1.017321 1.344824 11.084002 8.836959 17.279419
 0.000000 1.977269 0.698000 1.634591 14.148751 13.945253 21.717540
 1.000000 2.250262 0.889912 1.607334 13.045030 12.448280 21.076381
 2.000000 1.987633 0.885494 1.766341 13.540246 8.795787 20.167564
 3.000000 1.843963 0.477448 1.740014 13.690279 13.786826 20.875729
 4.000000 1.997495 0.674203 1.893721 14.747660 7.936531 20.918039
 5.000000 1.920100 0.434713 1.979735 14.372629 11.771653 21.473107
 6.000000 2.064488 0.737967 1.869571 14.319444 12.305474 20.870125
 7.000000 1.682610 0.684900 1.869832 12.831645 10.691339 20.997325
 8.000000 1.823593 0.996530 1.523387 12.662615 12.414577 21.003751
 9.000000 1.686022 0.865001 1.373664 12.303492 8.626180 19.991596
 10.000000 2.009777 0.818179 1.456556 13.937701 13.949990 21.283700
 0.000000 0.716457 0.970581 1.468117 11.399521 39.106972 16.675483
 1.000000 0.994049 1.006696 1.498104 13.400578 42.957933 20.498551
 2.000000 1.183138 0.848225 1.476717 12.463526 37.728772 18.482134
 3.000000 1.065756 0.866713 1.481662 11.606863 43.591391 18.619448
 4.000000 0.925171 0.890950 1.358007 11.745674 44.069875 18.182123
 5.000000 0.747380 0.839123 1.386011 10.939516 47.600460 15.644203
 6.000000 0.955117 1.004328 1.423377 10.989932 35.515039 17.415391
 7.000000 0.884451 1.234442 1.420590 12.615731 32.987158 16.994848
 8.000000 1.042718 1.177302 1.461530 12.885094 18.213326 19.234650
 9.000000 1.130866 1.369291 1.508092 12.534740 11.659285 17.118112
 10.000000 0.893301 0.845897 1.472575 10.595054 7.305212 15.523543
 0.000000 7.844960 1.042192 1.405792 12.207597 21.200446 22.978922
 1.000000 7.452731 1.067527 1.506330 11.942969 22.531656 23.648723
 2.000000 6.195813 1.455241 1.341687 13.087961 19.363248 25.065156
 3.000000 3.896591 1.505229 1.346181 13.115088 19.042238 24.709533
 4.000000 4.256188 1.972996 1.315375 12.430616 19.243597 23.998499
 5.000000 5.274995 1.282522 1.358994 13.207493 17.907650 23.298548
 6.000000 6.404083 1.669062 1.352675 12.053922 17.999508 23.167995
 7.000000 5.639936 1.660635 1.295707 11.691280 18.279214 22.247246
 8.000000 4.873858 2.113815 1.257253 12.125424 23.051359 20.805063
 9.000000 5.535913 1.561387 1.276874 11.579969 17.676973 21.135350
 10.000000 4.762865 1.551105 1.262783 11.139056 17.905496 22.215988
 0.000000 8.939438 0.280911 1.777528 11.259916 20.184099 25.009420
 1.000000 7.838479 0.671512 1.756175 11.797989 17.454701 23.376247
 2.000000 7.987384 0.972545 1.701919 11.472074 19.807869 23.412006
 3.000000 7.989520 0.846987 1.698403 11.504965 14.964946 23.433287
 4.000000 9.612852 0.755817 1.816954 12.221056 21.522775 23.209100
 5.000000 8.742610 0.909855 1.792471 11.971783 9.428331 23.560458
 6.000000 9.629784 0.734567 1.737080 11.784716 22.845197 23.843580
 7.000000 10.165826 0.813745 1.828460 12.331851 20.054909 23.600642
 8.000000 9.029064 0.972012 1.881677 12.062558 19.581026 23.644607
 9.000000 8.819629 0.901851 1.720571 11.860478 18.393319 26.175373
 10.000000 8.413109 0.692453 1.543365 12.014214 19.329351 22.717804
 0.000000 6.594023 0.657012 1.490695 12.194844 18.715690 22.746143
 1.000000 6.200887 0.574736 1.601527 12.466525 17.769666 23.559711
 2.000000 8.998253 0.686198 1.710099 11.721936 17.790764 22.659565
 3.000000 9.086640 0.772989 1.653449 12.167517 16.902744 23.120159
 4.000000 9.227350 0.926726 1.604344 12.373334 17.867477 23.825482
 5.000000 8.921374 0.894773 1.653010 11.726413 17.592711 23.755468
 6.000000 9.244114 1.134021 1.799516 12.677892 16.311996 22.968860
 7.000000 9.266833 1.033639 1.895891 13.103047 18.020856 22.783979
 8.000000 8.855535 1.205552 1.736983 12.641575 15.663241 23.060411
 9.000000 9.129166 1.069128 1.510393 12.512399 17.086624 23.326604
 10.000000 9.058422 1.083395 1.523137 13.055097 19.252129 24.554565
 0.000000 2.062791 0.432546 2.038283 9.544629 24.929907 17.428711
 1.000000 1.912873 0.409728 1.965897 8.980084 18.730821 18.776937
 2.000000 2.166885 0.429565 2.088891 8.453674 24.927904 18.699270
 3.000000 1.844089 0.223479 2.272431 8.957673 6.031234 16.416541
 4.000000 1.526474 0.474213 2.093562 9.541660 15.158227 15.020831
 5.000000 1.960335 0.447613 1.969121 9.944504 11.105453 16.126738
 6.000000 1.851578 0.326226 2.102589 9.146882 8.534677 15.660635
 7.000000 1.902712 0.457234 2.093221 8.967189 9.222585 16.468197
 8.000000 1.848096 0.866480 2.002621 9.303930 4.091393 16.522526
 9.000000 2.253679 0.403804 1.970581 9.560785 2.400107 17.688493
 10.000000 1.783682 0.317866 2.004085 9.456443 12.001766 17.881804
 0.000000 1.890654 1.055143 1.608932 13.050621 36.134006 20.983889
 1.000000 1.901034 1.368703 1.644878 12.892381 34.406279 19.674821
 2.000000 2.246343 1.397582 1.663195 11.906527 37.588179 21.182266
 3.000000 1.908025 1.847294 1.483297 12.187102 24.649498 19.111437
 4.000000 1.831125 1.824757 1.516717 12.260308 20.591520 19.119705
 5.000000 1.980859 1.788971 1.628532 11.375377 31.081998 20.244429
 6.000000 1.857500 2.037831 1.674839 11.060138 28.732233 21.708237
 7.000000 1.987653 1.804302 1.594556 11.546977 29.031905 21.782762
 8.000000 2.047794 1.917649 1.428363 12.162360 29.742748 21.698016
 9.000000 2.007977 2.035393 1.288123 11.551958 9.412595 22.213853
 10.000000 2.101168 1.947726 1.491669 12.125309 13.489764 21.449275
 0.000000 0.792771 0.273458 1.776684 10.133505 33.005416 16.907780
 1.000000 0.568751 0.191356 1.662286 9.546431 18.964427 12.767096
 2.000000 1.227035 0.251070 1.571048 8.772740 6.849702 15.887003
 3.000000 1.299900 0.235667 1.746682 9.691225 10.161053 16.182357
 4.000000 1.851354 0.277546 1.680844 8.269493 21.182431 16.890878
 5.000000 1.785473 0.293038 1.544136 8.347424 19.419252 17.513834
 6.000000 1.399496 0.305037 1.583594 7.935442 19.788015 17.255858
 7.000000 1.526930 0.346439 1.631876 8.675295 19.970437 16.761372
 8.000000 1.493911 0.339062 1.578555 9.648106 21.572110 19.467607
 9.000000 1.845529 0.282552 1.445667 8.290461 20.255074 16.577300
 10.000000 1.264052 0.470488 1.275086 8.047720 12.915847 14.940763
 0.000000 3.802324 0.596227 1.454815 9.149001 19.991060 20.569463
 1.000000 4.022672 0.634471 1.578777 9.196907 23.185076 19.303440
 2.000000 4.205554 0.502221 1.565495 9.401612 13.942019 20.527956
 3.000000 3.928699 0.600573 1.521345 9.548089 14.281543 18.786063
 4.000000 3.726967 0.496473 1.633323 8.931270 24.975924 19.235629
 5.000000 3.849512 0.582301 1.605438 9.667029 13.687913 19.842607
 6.000000 4.080850 0.620130 1.512190 9.135087 38.373587 20.506994
 7.000000 3.935349 0.329565 1.748997 7.786929 32.047795 20.904014
 8.000000 3.553343 0.368497 1.640484 8.847728 34.435096 20.444154
 9.000000 3.657530 0.500991 1.725347 9.434117 30.338427 21.228868
 10.000000 3.481609 0.384474 1.730605 9.230212 25.911368 22.844407
 0.000000 1.804255 0.279084 1.876434 8.573519 23.220561 24.261006
 1.000000 2.304730 0.923905 1.726956 7.742911 25.614777 22.627488
 2.000000 2.452231 0.324505 1.805454 8.347367 21.058218 22.470125
 3.000000 2.330580 0.249323 1.716938 7.742685 24.395785 21.904223
 4.000000 1.352666 0.731273 1.626972 8.191516 20.735000 24.983989
 5.000000 1.847933 0.354785 1.548478 7.584785 27.828829 23.820513
 6.000000 1.936717 0.436776 1.411817 7.408979 32.856311 21.776632
 7.000000 1.925662 0.338939 1.469445 8.025314 23.446982 24.643070
 8.000000 2.297386 0.385128 1.635102 8.144382 21.379471 24.476022
 9.000000 2.243639 0.257090 1.890174 8.189280 28.104791 26.579018
 10.000000 2.522344 0.287617 1.861589 7.674237 25.443065 22.873306
 0.000000 2.323005 0.827223 2.124899 10.611665 23.800246 23.786588
 1.000000 2.070429 0.811379 2.069777 10.540448 3.398408 23.657137
 2.000000 2.048431 0.940601 1.879550 10.286703 20.173659 23.272087
 3.000000 2.040516 1.083733 2.076102 9.973164 22.939408 23.848239
 4.000000 2.414010 1.352614 1.740798 10.446612 25.844620 24.529347
 5.000000 1.768156 1.318495 2.010786 10.207596 20.188914 24.511949
 6.000000 2.160574 1.411880 2.112764 10.335809 15.140564 24.624008
 7.000000 1.255064 1.020764 1.857886 9.546721 12.745137 23.777071
 8.000000 2.078093 1.064826 1.620026 10.454234 16.352133 24.486824
 9.000000 1.211097 1.026236 1.506121 9.968315 17.682520 22.091685
 10.000000 1.534380 1.086667 1.314690 9.383247 31.889081 22.513649
 0.000000 2.033018 1.657970 1.232272 11.848406 12.904469 18.754458
 1.000000 1.085863 1.574264 1.212719 12.134379 8.314328 18.664615
 2.000000 1.891450 1.394324 1.240819 13.084621 12.818873 20.384685
 3.000000 1.938018 1.244639 1.252323 11.718828 7.593692 20.219944
 4.000000 1.307002 1.076751 1.322495 11.750579 5.048502 20.016823
 5.000000 2.122464 0.706677 1.283610 11.700851 3.073613 20.225478
 6.000000 2.192414 1.769893 1.237694 11.816140 10.011688 18.985991
 7.000000 1.950034 1.486280 1.222935 11.971728 10.604535 18.918125
 8.000000 1.854541 1.089804 1.239839 11.595842 8.821941 18.522720
 9.000000 1.983316 1.167969 1.248508 11.679021 10.303846 19.637714
 10.000000 1.202632 0.892734 1.303844 10.608524 7.080720 18.764077
 0.000000 1.857902 0.553326 1.540396 11.165035 26.617269 20.483054
 1.000000 2.084075 0.728397 1.556247 11.738582 27.563693 20.739857
 2.000000 1.772735 0.709062 1.489646 10.453210 23.602907 19.056883
 3.000000 1.861896 0.798303 1.520777 10.435674 11.858589 20.477232
 4.000000 2.090205 1.088174 1.442130 10.692037 7.885189 19.696127
 5.000000 1.904305 1.103407 1.278991 9.658529 8.348677 20.972611
 6.000000 2.388229 0.781549 1.494972 10.293126 14.237598 20.715783
 7.000000 1.815210 0.549105 1.506604 9.261864 11.606173 20.329946
 8.000000 2.057069 0.575845 1.426099 10.045855 19.886297 19.994580
 9.000000 2.592140 0.857542 1.447258 10.606924 22.796314 19.362008
 10.000000 3.116468 0.737006 1.457923 10.924499 20.854537 20.950917
 0.000000 1.500028 0.355482 1.685784 10.230720 30.084094 20.207467
 1.000000 1.790525 0.397577 1.599931 10.844205 32.138297 20.577354
 2.000000 1.991101 0.676892 1.708394 9.839454 23.225575 20.699342
 3.000000 1.324271 0.448857 1.738723 10.122583 12.910452 20.151534
 4.000000 2.034594 0.441332 1.821169 9.898852 9.769139 19.908844
 5.000000 1.864574 0.402960 1.736055 9.555888 24.505990 19.850916
 6.000000 1.957083 0.504975 1.645288 10.373776 13.661337 21.194444
 7.000000 1.916382 0.513419 1.565412 9.759730 7.601276 20.473212
 8.000000 1.906873 0.517525 1.503098 9.774087 21.402762 18.947625
 9.000000 2.065244 0.770633 1.523205 9.539905 27.006919 20.317841
 10.000000 1.863338 0.627947 1.538294 9.169918 15.176335 20.435724
 0.000000 1.271503 0.672053 1.340583 9.073557 27.718951 19.024297
 1.000000 1.685191 0.626275 1.380228 10.608151 16.578929 20.131020
 2.000000 1.466057 0.575031 1.363077 9.597944 17.723527 19.967640
 3.000000 1.112194 0.575260 1.175980 10.382258 27.475094 18.661582
 4.000000 1.707562 0.524182 1.271502 9.331823 24.321119 18.977604
 5.000000 1.286893 0.622205 1.262220 9.545208 28.226210 19.090164
 6.000000 1.307310 0.554420 1.229545 8.943791 31.681380 18.298572
 7.000000 1.313972 0.817443 1.179744 9.554803 26.389239 20.305168
 8.000000 1.343590 0.774752 1.201156 9.682411 11.007400 17.254159
 9.000000 1.427624 0.717336 1.192218 8.911640 18.833390 20.766699
 10.000000 1.382925 0.819863 1.184402 9.572553 15.902420 21.070522
 0.000000 0.887935 0.778369 1.645394 9.651437 2.478516 19.437237
 1.000000 1.195619 0.738392 1.416498 9.238775 1.691323 17.673036
 2.000000 1.250653 0.398688 1.473833 8.695317 3.420265 20.820808
 3.000000 1.127145 0.277863 1.382814 9.409675 7.544015 19.779373
 4.000000 1.148154 0.481506 1.362632 9.077425 13.659328 19.294436
 5.000000 1.347685 0.865013 1.304459 10.021995 12.160753 18.617655
 6.000000 1.313120 0.914175 1.136088 10.358360 12.718065 19.292086
 7.000000 1.260101 1.327952 1.238960 10.273646 12.965322 18.642853
 8.000000 1.184610 0.699369 1.092215 9.618843 14.645980 18.983152
 9.000000 0.829745 0.796241 1.194265 10.172961 13.657284 19.490373
 10.000000 0.983849 0.769236 1.179302 10.644527 7.048268 19.393856
 0.000000 0.723868 0.501097 1.836129 10.219580 37.167538 20.424283
 1.000000 0.779136 0.684121 1.734940 9.194491 33.322747 21.065769
 2.000000 0.663006 0.719762 1.730134 9.752771 29.590926 19.807471
 3.000000 0.778489 1.135259 1.594913 10.792513 29.636122 20.143964
 4.000000 0.929771 0.485247 1.782054 9.625875 27.169380 20.870471
 5.000000 0.831098 0.938944 1.810283 9.109659 32.347908 22.273788
 6.000000 0.772878 0.709948 1.805324 8.611349 31.655741 21.471285
 7.000000 1.143617 1.046183 1.768369 9.294862 26.401652 20.514807
 8.000000 0.852682 1.902298 1.812030 10.730937 21.463705 18.145006
 9.000000 1.123621 1.725358 1.650896 9.734417 22.214579 17.354355
 10.000000 0.842852 1.391029 1.781523 10.299375 27.627107 18.725580
 0.000000 4.317294 0.648475 1.240612 13.231610 17.690410 20.917552
 1.000000 5.788257 0.976286 1.225198 13.332486 16.567161 18.904700
 2.000000 5.328143 0.926685 1.129686 13.282520 17.692419 19.927299
 3.000000 5.641406 0.717875 1.082318 13.267257 15.829750 17.411821
 4.000000 4.010444 0.989891 1.101706 13.661143 17.599519 16.812580
 5.000000 2.676410 1.135194 1.111934 13.771741 17.239045 16.862560
 6.000000 2.852671 0.924132 1.159645 12.983339 17.168107 18.479240
 7.000000 5.179466 0.718311 1.213519 11.732950 15.844310 18.275022
 8.000000 4.405267 0.811911 1.175269 10.980588 19.412231 17.772098
 9.000000 6.141679 0.734394 1.235355 11.555097 17.442280 21.794702
 10.000000 5.017760 1.040306 1.118110 12.272694 17.057359 19.876042
 0.000000 3.793125 0.587410 1.382173 9.890740 10.787914 19.575956
 1.000000 2.610625 0.790926 1.406103 10.350063 12.706979 19.350530
 2.000000 2.469380 0.814205 1.315668 10.064370 15.432835 21.220724
 3.000000 2.510069 1.082436 1.242371 10.109792 13.739006 20.178026
 4.000000 2.628651 0.761961 1.307025 9.168500 13.687918 19.770997
 5.000000 1.927218 0.621242 1.387100 9.335016 10.611517 18.878277
 6.000000 3.603812 1.011953 1.415624 10.239776 8.395022 20.580399
 7.000000 2.463203 0.794082 1.528928 8.388683 7.789478 18.502149
 8.000000 3.111810 1.046129 1.547744 8.686338 8.320909 18.212014
 9.000000 3.112971 1.219271 1.426061 9.243504 8.111121 17.056435
 10.000000 1.803419 0.665863 1.545145 8.643426 4.728562 20.147112
 0.000000 2.322834 0.543385 1.525747 11.645106 14.374194 24.132600
 1.000000 2.236056 0.539506 1.576026 10.846623 18.937445 23.915777
 2.000000 2.078408 0.452329 1.448289 11.242672 28.952046 24.380509
 3.000000 1.894029 0.516029 1.478830 11.997174 18.044132 21.279429
 4.000000 1.573287 0.554134 1.429275 11.464362 18.071276 24.884954
 5.000000 0.659415 0.213076 1.499532 8.914983 15.068508 21.621870
 6.000000 0.733424 0.425451 1.469135 9.305148 21.790501 22.034254
 7.000000 0.932168 0.392294 1.481397 10.233668 23.418978 22.004354
 8.000000 0.810151 0.467364 1.525287 9.066262 8.693366 21.219679
 9.000000 0.957764 0.769539 1.436703 10.012951 4.218833 19.584987
 10.000000 0.853559 0.838990 1.536821 10.733425 12.595512 21.642419
 0.000000 2.381410 0.319921 1.757370 9.720261 20.206263 23.412971
 1.000000 2.048634 0.305857 1.755661 9.574357 18.826100 22.810791
 2.000000 2.768203 0.878574 1.744987 10.188862 19.686596 21.569376
 3.000000 3.191747 0.562772 1.691969 10.425128 13.204220 23.290405
 4.000000 3.122209 0.599979 1.583376 10.120688 17.124706 22.952664
 5.000000 3.138627 0.596537 1.707975 10.649764 20.139378 22.490345
 6.000000 2.504712 0.516687 1.964032 10.638590 16.047976 24.363460
 7.000000 2.744738 0.239781 1.956442 9.955230 15.251369 24.650526
 8.000000 2.892099 0.341176 1.855832 9.534523 26.839055 23.440185
 9.000000 3.532380 0.370274 1.826813 10.535915 24.767734 22.675249
 10.000000 2.735628 0.509810 1.735868 10.678115 26.134787 20.998312
 0.000000 2.467425 0.249399 1.455840 8.931075 24.612072 22.099438
 1.000000 1.839962 0.190337 1.320731 8.396496 25.863056 20.613904
 2.000000 2.182871 0.151411 1.440300 9.187767 13.798711 21.814829
 3.000000 2.405550 0.238435 1.503190 9.173049 7.274566 21.878068
 4.000000 3.170215 0.243655 1.678736 7.899248 17.055906 20.458723
 5.000000 2.793133 0.200004 1.731063 8.741686 19.858595 22.100669
 6.000000 2.612420 0.126228 1.892277 8.777042 9.339225 22.724373
 7.000000 2.579298 0.135564 1.881755 9.252077 16.485728 22.446120
 8.000000 1.308299 0.205073 1.774893 8.798702 17.153718 23.311517
 9.000000 1.988914 0.360627 1.793018 8.334197 15.013690 22.898236
 10.000000 2.413867 0.349982 1.766921 8.695588 15.757500 23.444889
 0.000000 4.576672 0.506910 1.768894 12.615471 34.579408 22.974286
 1.000000 4.662187 0.529378 1.760901 12.580631 33.450102 24.315854
 2.000000 4.108904 0.510934 1.571046 13.032086 31.659588 24.540423
 3.000000 3.978862 0.422813 1.569133 10.703204 23.873423 24.417443
 4.000000 3.317497 0.675689 1.357562 12.067689 31.411065 22.760960
 5.000000 4.776538 0.381335 1.434950 11.780323 28.362311 25.142419
 6.000000 6.559275 0.391008 1.640738 10.929816 32.913038 24.534280
 7.000000 7.964734 0.630665 1.448630 12.306653 35.191769 25.486028
 8.000000 7.297870 1.114324 1.183862 13.207795 31.418037 23.868377
 9.000000 6.878343 0.918034 1.181546 12.930242 35.428874 22.700840
 10.000000 4.877259 0.914374 1.389542 12.133827 33.888904 22.588948
 0.000000 1.797003 0.593895 1.274541 13.901175 9.466947 19.964178
 1.000000 2.487831 0.759496 1.256360 12.432828 20.298305 21.219435
 2.000000 2.539855 0.613796 1.317435 11.855938 18.310190 21.573102
 3.000000 3.763120 1.000887 1.350080 13.421090 16.853860 21.764089
 4.000000 3.083556 0.885180 1.365081 14.438141 19.921971 20.716255
 5.000000 3.268974 0.877146 1.361757 14.095375 19.339125 21.195132
 6.000000 2.632276 0.871865 1.328161 13.611710 24.066192 22.137287
 7.000000 2.533317 1.075015 1.289099 13.022621 12.236824 19.110601
 8.000000 2.267497 1.032489 1.203933 13.347763 9.570292 18.989527
 9.000000 2.587121 1.145556 1.293791 12.737290 12.742323 22.610475
 10.000000 2.441616 1.046795 1.334941 12.078940 4.184458 20.744957
 0.000000 2.914741 2.259232 1.457425 11.385282 6.819811 17.710422
 1.000000 1.866865 1.809591 1.549117 11.371648 6.447208 18.320218
 2.000000 2.273905 1.715747 1.570833 11.784421 5.553394 15.791622
 3.000000 2.855913 2.325552 1.455187 11.240041 2.688587 18.749848
 4.000000 2.285111 2.217956 1.354886 12.521351 0.476740 18.670366
 5.000000 1.872583 2.031502 1.505694 12.026716 1.367701 19.553216
 6.000000 1.683983 2.129505 1.436919 11.477747 0.957351 19.396665
 7.000000 2.110766 2.051792 1.309579 12.014519 0.587572 18.519589
 8.000000 2.546542 2.549784 1.215695 11.701581 0.308005 19.944301
 9.000000 1.833336 2.113006 1.288199 11.658112 0.185391 19.201799
 10.000000 2.129291 2.443774 1.276079 11.598338 0.164235 19.545253
 0.000000 2.403031 0.465115 1.691011 10.369721 29.853177 20.250356
 1.000000 3.529463 0.337850 1.682762 9.745469 30.429487 20.188561
 2.000000 2.160346 0.554586 1.567405 9.199972 31.465703 19.741701
 3.000000 1.714767 0.439035 1.590273 9.806071 25.352620 20.164414
 4.000000 1.478318 0.579745 1.599016 10.203279 27.134631 19.209315
 5.000000 1.773955 0.436598 1.583214 9.793039 22.262942 20.873236
 6.000000 1.703517 0.560914 1.637277 9.322040 30.047597 18.207128
 7.000000 2.015371 0.370565 1.546951 9.109186 30.364443 17.932111
 8.000000 1.339331 0.392598 1.559018 10.073409 27.429003 18.755970
 9.000000 1.249653 0.457443 1.681001 9.748598 21.456352 18.984195
 10.000000 1.841836 0.603488 1.680270 10.165284 21.427582 19.405396
 0.000000 3.394177 0.624285 1.341930 11.502195 23.376854 20.859993
 1.000000 3.604993 0.424079 1.363376 12.120774 24.623487 19.213596
 2.000000 3.884945 0.349887 1.393180 10.997706 33.902180 21.760226
 3.000000 3.774657 0.405948 1.352513 11.240116 29.325627 21.801919
 4.000000 3.068555 0.434683 1.224810 10.006522 34.242921 21.364521
 5.000000 3.356925 0.337166 1.344184 10.270792 25.869194 21.008374
 6.000000 2.557907 0.273657 1.328937 11.088297 28.861418 23.536598
 7.000000 3.333749 0.307478 1.344067 11.641124 23.858853 20.273174
 8.000000 3.446187 0.264247 1.564511 11.729837 24.898089 20.456265
 9.000000 2.958151 0.244146 1.631477 12.131103 27.073387 20.971183
 10.000000 3.079656 0.374884 1.610131 11.548070 27.164735 22.864327
 0.000000 0.671837 0.169018 1.996030 9.233695 18.031014 18.497637
 1.000000 0.786499 0.153842 2.114368 9.581145 18.144450 18.036040
 2.000000 0.506913 0.106484 1.963428 9.458137 18.564435 18.310122
 3.000000 0.522899 0.157026 1.927653 10.230884 18.032417 19.962887
 4.000000 0.614272 0.185740 1.711256 9.041604 10.320070 19.461904
 5.000000 0.678406 0.502468 1.748644 9.139806 4.656759 15.850844
 6.000000 0.521269 0.450997 1.875308 8.939124 1.731548 18.152210
 7.000000 0.437090 0.374132 1.814632 9.356095 0.530432 16.097585
 8.000000 0.420693 0.431473 1.836287 9.219302 0.325366 16.478824
 9.000000 0.430525 0.332739 1.895527 8.809638 1.071106 15.043534
 10.000000 0.474256 0.474807 1.851753 9.000324 0.961386 16.961051
